6845847425
6845847426
6845847427
6845847430
6845847431
6845847433
8425326718
8425326720
8425326721
8425326723
8425326726
8425326727
8425326729
6845847438
6845847439
6845847440
6845847441
658956449
3433688350
7802546443
7802546447
7802546448
7802546471
7802546475
7802546474
9058263340
707158322
3433688362
2583144801
2583144802
3527367014
2583144811
3527367015
3527367017
3527367018
3527367019
3527367020
3527367021
3527367030
3527367026
3527367035
7816634799
8577901192
8577901193
8239191750
3433688431
8428130988
8113207174
8577600386
8577600389
8113207181
8113207182
8113207188
8389581760
8425326406
7539904383
8239164415
795890972
795890973
795890975
795890977
3433688146
3433688151
3433688152
3433688154
795890982
3433688173
3433688175
3433688176
8424412455
795890984
3433688189
3433688190
3433688192
795890987
795890988
795890993
3433688301
3433688304
795890941
795890944
795890945
795890946
795890947
795890948
7295888670
795890951
795890952
3433688330
795890958
795890959
795890957
795890961
795890962
795890963
795890965
8424412438
795890967
795890969
795890970
795890968
795890978
3433688359
795890980
3433688358
3433688366
795890990
795890991
795890989
795890992
795891001
3433688378
795890996
795890998
795891003
795890999
795891000
795891004
7295888682
795891006
795891007
795891008
795891010
795891011
795891013
795891009
3433688397
3433688400
2573274464
201819492
3433688424
7394157930
3433688427
3433688440
3527343507
8119680291
8119680292
4414176674
8425326414
8425326415
3527343612
4798909948
3527343641
8425326399
8425326401
8113206955
8239191751
6845847428
6845847429
6845847437
6845847442
6845847443
6845847444
6845847445
6845847446
6845847448
6845847449
6845847451
6845847453
6845847454
6845847455
6845847456
8577566660
8577566662
8577566663
8577566665
8577566668
8577566669
4723494891